SampleID	BD_strain	Day0	Day3	Day5	Day7	Slope	Per_growth	Per_inhib
Acetate	Jel197	0.22	0.367	0.769	1.503	0.177411215	95.73513096	4.264869045
Acetate	Jel197	0.197	0.353	0.751	1.591	0.190878505	103.0023871	-3.002387116
Acetate	Jel197	0.154	0.372	0.763	1.561	0.19328972	104.3035336	-4.303533605
Arabinose	Jel197	0.17	0.36	0.69	1.42	0.170841121	92.18975893	7.810241065
Arabinose	Jel197	0.18	0.37	0.72	1.45	0.174205607	94.00531217	5.994687826
Arabinose	Jel197	0.17	0.38	0.7	1.44	0.17317757	93.4505598	6.549440204
Citrate	Jel197	0.216	0.359	0.754	1.473	0.173850467	93.81367044	6.186329557
Citrate	Jel197	0.194	0.346	0.736	1.559	0.186906542	100.8590257	-0.859025653
Citrate	Jel197	0.151	0.365	0.748	1.53	0.189439252	102.2257338	-2.225733786
Dextrose	Jel197	0.22	0.36	0.754	1.473	0.173261682	93.49594863	6.504051373
Dextrose	Jel197	0.24	0.346	0.736	1.56	0.180579439	97.44477692	2.555223078
Dextrose	Jel197	0.19	0.365	0.748	1.53	0.183971963	99.27545977	0.724540228
Fructose	Jel197	0.24	0.353	0.677	1.492	0.169364486	91.39293279	8.607067209
Fructose	Jel197	0.22	0.363	0.706	1.471	0.170691589	92.10906768	7.89093232
Fructose	Jel197	0.2	0.373	0.686	1.492	0.174831776	94.3432068	5.656793195
Galactose	Jel197	0.211	0.352	0.738	1.444	0.170476636	91.993074	8.006925999
Galactose	Jel197	0.19	0.339	0.721	1.528	0.183196262	98.85687389	1.143126114
Galactose	Jel197	0.148	0.357	0.733	1.499	0.185616822	100.1630636	-0.163063578
Heart infusion	Jel197	0.222	0.37	0.776	1.518	0.179196262	96.69838281	3.301617187
Heart infusion	Jel197	0.199	0.357	0.758	1.607	0.192757009	104.016071	-4.016071008
Heart infusion	Jel197	0.155	0.376	0.771	1.576	0.195233645	105.3525199	-5.352519921
Heat killed zoospores	Jel197	0.122	0.132	0.132	0.131	0.001280374	0.690918872	99.30908113
Heat killed zoospores	Jel197	0.22	0.208	0.219	0.208	-0.001168224	-0.63040043	100.6304004
Heat killed zoospores	Jel197	0.271	0.231	0.225	0.238	-0.005037383	-2.718286656	102.7182867
Lactose	Jel197	0.18	0.34	0.721	1.527	0.184448598	99.53266315	0.467336852
Lactose	Jel197	0.19	0.358	0.733	1.498	0.179579439	96.90515415	3.094845846
Lactose	Jel197	0.17	0.352	0.738	1.443	0.176102804	95.02908247	4.970917527
LB	Jel197	0.227	0.378	0.792	1.548	0.182663551	98.56941129	1.43058871
LB	Jel197	0.203	0.364	0.774	1.639	0.196635514	106.1090004	-6.109000437
LB	Jel197	0.158	0.383	0.786	1.608	0.199205607	107.4958814	-7.495881384
M9	Jel197	0.222	0.371	0.778	1.521	0.179626168	96.93037017	3.069629829
M9	Jel197	0.2	0.357	0.76	1.61	0.193074766	104.1875399	-4.187539925
M9	Jel197	0.156	0.377	0.772	1.579	0.195476636	105.4836432	-5.48364321
Malt extract	Jel197	0.224	0.374	0.784	1.532	0.180878505	97.60615943	2.393840568
Malt extract	Jel197	0.201	0.36	0.766	1.622	0.194588785	105.0045389	-5.004538883
Malt extract	Jel197	0.157	0.379	0.778	1.591	0.197018692	106.3157718	-6.315771778
Mannitol	Jel197	0.21	0.35	0.733	1.434	0.169224299	91.31728474	8.682715261
Mannitol	Jel197	0.188	0.337	0.716	1.517	0.181962617	98.19117103	1.808828968
Mannitol	Jel197	0.147	0.355	0.728	1.489	0.184364486	99.48727432	0.512725683
Mannose	Jel197	0.217	0.362	0.758	1.482	0.174906542	94.38355243	5.616447567
Mannose	Jel197	0.195	0.348	0.741	1.569	0.188158879	101.5348149	-1.534814914
Mannose	Jel197	0.152	0.367	0.753	1.539	0.190570093	102.8359614	-2.835961403
Negative	Jel197	0.216	0.132	0.13	0.13	-0.01211215	-6.535991662	106.5359917
Negative	Jel197	0.199	0.123	0.104	0.19	-0.003401869	-1.835726053	101.8357261
Negative	Jel197	0.289	0.232	0.292	0.297	0.00271028	1.462528998	98.537471
Nutrient depleted	Jel197	0.219	0.322	0.333	0.314	0.013981308	7.54463235	92.45536765
Nutrient depleted	Jel197	0.217	0.453	0.321	0.242	0.001280374	0.690918872	99.30908113
Nutrient depleted	Jel197	0.164	0.55	0.444	0.529	0.046607477	25.15045557	74.84954443
Peptone	Jel197	0.222	0.37	0.775	1.516	0.178906542	96.54204351	3.457956494
Peptone	Jel197	0.199	0.356	0.757	1.604	0.192373832	103.8092997	-3.809299667
Peptone	Jel197	0.155	0.375	0.77	1.574	0.194971963	105.2113102	-5.211310224
Positive	Jel197	0.218	0.363	0.761	1.488	0.175607477	94.76179269	5.238207309
Positive	Jel197	0.196	0.35	0.744	1.575	0.188831776	101.8979256	-1.897925562
Positive	Jel197	0.152	0.369	0.756	1.546	0.191504673	103.3402817	-3.340281747
Pyruvate	Jel197	0.223	0.371	0.779	1.522	0.179654206	96.94549978	3.054500219
Pyruvate	Jel197	0.2	0.358	0.761	1.611	0.193214953	104.263188	-4.263187977
Pyruvate	Jel197	0.156	0.377	0.773	1.581	0.195766355	105.6399825	-5.639982517
R2A	Jel197	0.234	0.39	0.817	1.598	0.188588785	101.7668023	-1.766802273
R2A	Jel197	0.21	0.376	0.799	1.692	0.202925234	109.5030764	-9.503076354
R2A	Jel197	0.163	0.396	0.812	1.66	0.205672897	110.9857782	-10.98577817
Succinate	Jel197	0.212	0.353	0.74	1.446	0.17064486	92.08385166	7.916148337
Succinate	Jel197	0.19	0.34	0.722	1.53	0.183457944	98.99808358	1.001916417
Succinate	Jel197	0.148	0.358	0.734	1.501	0.185878505	100.3042733	-0.304273274
Thiamine	Jel197	0.17	0.363	0.76	1.486	0.182046729	98.23655986	1.763440137
Thiamine	Jel197	0.17	0.349	0.742	1.572	0.192046729	103.6327875	-3.632787547
Thiamine	Jel197	0.18	0.368	0.755	1.543	0.187196262	101.015365	-1.01536496
Xylose	Jel197	0.19	0.356	0.746	1.459	0.175504673	94.70631745	5.293682547
Xylose	Jel197	0.22	0.343	0.73	1.544	0.181242991	97.80284437	2.197155633
Xylose	Jel197	0.24	0.362	0.741	1.516	0.175018692	94.44407087	5.555929126
Yeast extract	Jel197	0.2	0.364	0.764	1.492	0.178728972	96.44622264	3.553777359
Yeast extract	Jel197	0.2	0.351	0.746	1.579	0.18882243	101.8928824	-1.892882359
Yeast extract	Jel197	0.2	0.37	0.758	1.55	0.185327103	100.0067243	-0.006724271
Acetate	Jel423	0.211	0.356	0.746	1.459	0.172560748	93.00045332	6.999546683
Acetate	Jel423	0.19	0.343	0.729	1.544	0.185401869	99.9210893	0.078910697
Acetate	Jel423	0.148	0.361	0.741	1.515	0.18782243	101.2256342	-1.225634224
Arabinose	Jel423	0.205	0.346	0.724	1.415	0.167308411	90.16974195	9.830258055
Arabinose	Jel423	0.185	0.333	0.707	1.498	0.179766355	96.88386696	3.11613304
Arabinose	Jel423	0.144	0.351	0.719	1.47	0.182168224	98.17833817	1.821661826
Citrate	Jel423	0.207	0.349	0.731	1.429	0.168971963	91.06630177	8.933698225
Citrate	Jel423	0.186	0.336	0.714	1.513	0.181691589	97.92145867	2.078541327
Citrate	Jel423	0.145	0.354	0.726	1.484	0.183971963	99.1504508	0.849549202
Dextrose	Jel423	0.199	0.336	0.702	1.47	0.174084112	93.82146035	6.178539648
Dextrose	Jel423	0.18	0.323	0.687	1.455	0.174588785	94.09345041	5.906549588
Dextrose	Jel423	0.14	0.341	0.697	1.427	0.176757009	95.2620003	4.737999698
Fructose	Jel423	0.201	0.339	0.709	1.487	0.17611215	94.91445745	5.085542553
Fructose	Jel423	0.181	0.326	0.693	1.469	0.176345794	95.04037877	4.959621229
Fructose	Jel423	0.141	0.344	0.704	1.441	0.178560748	96.23411293	3.765887074
Galactose	Jel423	0.203	0.342	0.716	1.431	0.169271028	91.22748107	8.77251893
Galactose	Jel423	0.182	0.329	0.7	1.483	0.178149533	96.0124914	3.987508605
Galactose	Jel423	0.142	0.347	0.711	1.455	0.180364486	97.20622555	2.79377445
Heart infusion	Jel423	0.205	0.345	0.724	1.415	0.167336449	90.1848525	9.815147496
Heart infusion	Jel423	0.184	0.333	0.707	1.497	0.179785047	96.89394067	3.106059334
Heart infusion	Jel423	0.143	0.35	0.718	1.469	0.182168224	98.17833817	1.821661826
Heat killed zoospores	Jel423	0.182	0.171	0.183	0.115	-0.007785047	-4.195698528	104.1956985
Heat killed zoospores	Jel423	0.178	0.18	0.171	0.162	-0.002327103	-1.254176391	101.2541764
Heat killed zoospores	Jel423	0.139	0.162	0.135	0.144	-0.000224299	-0.120884471	100.1208845
Lactose	Jel423	0.199	0.335	0.702	1.43	0.169252336	91.21740736	8.782592636
Lactose	Jel423	0.179	0.323	0.687	1.453	0.174485981	94.03804503	5.961954971
Lactose	Jel423	0.139	0.34	0.697	1.426	0.176803738	95.28718457	4.712815433
LB	Jel423	0.201	0.338	0.709	1.486	0.176018692	94.86408892	5.135911083
LB	Jel423	0.18	0.326	0.693	1.467	0.176242991	94.98497339	5.015026611
LB	Jel423	0.14	0.343	0.704	1.44	0.178607477	96.25929719	3.740702809
M9	Jel423	0.208	0.351	0.736	1.438	0.170102804	91.67576098	8.324239015
M9	Jel423	0.187	0.338	0.719	1.522	0.18282243	98.53091788	1.469082117
M9	Jel423	0.146	0.356	0.73	1.493	0.185056075	99.73472574	0.265274257
Malt extract	Jel423	0.217	0.365	0.766	1.497	0.177018692	95.40303219	4.596967815
Malt extract	Jel423	0.195	0.352	0.748	1.585	0.190317757	102.570474	-2.570473968
Malt extract	Jel423	0.152	0.371	0.76	1.555	0.192728972	103.869982	-3.869982035
Mannitol	Jel423	0.213	0.358	0.751	1.467	0.173429907	93.46888064	6.531119357
Mannitol	Jel423	0.191	0.345	0.733	1.553	0.186485981	100.5053642	-0.505364248
Mannitol	Jel423	0.149	0.363	0.745	1.524	0.188906542	101.8099092	-1.809909169
Mannose	Jel423	0.207	0.349	0.731	1.429	0.168971963	91.06630177	8.933698225
Mannose	Jel423	0.186	0.336	0.714	1.513	0.181691589	97.92145867	2.078541327
Mannose	Jel423	0.145	0.354	0.726	1.484	0.183971963	99.1504508	0.849549202
Negative	Jel423	0.184	0.162	0.174	0.109	-0.008962617	-4.830342002	104.830342
Negative	Jel423	0.17	0.171	0.162	0.154	-0.002345794	-1.264250097	101.2642501
Negative	Jel423	0.162	0.154	0.128	0.137	-0.004401869	-2.372357751	102.3723578
Nutrient depleted	Jel423	0.197	0.293	0.303	0.385	0.025102804	13.52898709	86.47101291
Nutrient depleted	Jel423	0.195	0.212	0.392	0.322	0.024158879	13.02026494	86.97973506
Nutrient depleted	Jel423	0.148	0.25	0.304	0.381	0.032738318	17.64409597	82.35590403
Peptone	Jel423	0.204	0.344	0.721	1.409	0.166635514	89.80708853	10.19291147
Peptone	Jel423	0.183	0.331	0.704	1.492	0.179233645	96.59676634	3.40323366
Peptone	Jel423	0.143	0.349	0.716	1.464	0.181495327	97.81568476	2.18431524
Positive	Jel423	0.216	0.363	0.761	1.488	0.17588785	94.79357298	5.206427024
Positive	Jel423	0.194	0.35	0.744	1.575	0.18911215	101.9207199	-1.920719934
Positive	Jel423	0.151	0.369	0.756	1.546	0.19164486	103.2857071	-3.28570709
Pyruvate	Jel423	0.202	0.34	0.714	1.395	0.165	88.92563926	11.07436074
Pyruvate	Jel423	0.181	0.328	0.697	1.477	0.177448598	95.63472742	4.365272578
Pyruvate	Jel423	0.141	0.345	0.708	1.449	0.179691589	96.84357214	3.156427864
R2A	Jel423	0.213	0.359	0.754	1.473	0.174271028	93.92219741	6.077802589
R2A	Jel423	0.192	0.346	0.736	1.559	0.187186916	100.8831282	-0.883128221
R2A	Jel423	0.149	0.365	0.748	1.53	0.189719626	102.2481154	-2.248115378
Succinate	Jel423	0.213	0.358	0.751	1.467	0.173429907	93.46888064	6.531119357
Succinate	Jel423	0.191	0.345	0.733	1.553	0.186485981	100.5053642	-0.505364248
Succinate	Jel423	0.149	0.363	0.745	1.524	0.188906542	101.8099092	-1.809909169
Thiamine	Jel423	0.2	0.338	0.707	1.381	0.163308411	88.01396887	11.98603113
Thiamine	Jel423	0.18	0.325	0.69	1.463	0.17564486	94.6626148	5.337385202
Thiamine	Jel423	0.141	0.343	0.702	1.435	0.177766355	95.80598042	4.194019577
Xylose	Jel423	0.212	0.356	0.746	1.459	0.172420561	92.92490052	7.075099478
Xylose	Jel423	0.191	0.343	0.73	1.544	0.185308411	99.87072077	0.129279226
Xylose	Jel423	0.148	0.362	0.741	1.516	0.187915888	101.2760028	-1.276002753
Yeast extract	Jel423	0.198	0.334	0.7	1.368	0.161794393	87.19799869	12.80200131
Yeast extract	Jel423	0.178	0.322	0.684	1.448	0.173906542	93.72576015	6.274239855
Yeast extract	Jel423	0.139	0.339	0.694	1.421	0.176084112	94.89934689	5.100653112